1 0
2 0.00999983333416666468
3 0.01999866669333307936
4 0.02999550020249566076
5 0.03998933418663415945
6 0.04997916927067832879
7 0.05996400647944459919
8 0.06994284733753276397
9 0.07991469396917268730
10 0.08987854919801104969
11 0.09983341664682815230
12 0.10977830083717480866
13 0.11971220728891935996
14 0.12963414261969485954
15 0.13954311464423648171
16 0.14943813247359922149
17 0.15931820661424596331
18 0.16918234906699601015
19 0.17902957342582417834
20 0.18885889497650057799
21 0.19866933079506121545
22 0.20845989984609957060
23 0.21822962308086931995
24 0.22797752353518839540
25 0.23770262642713458836
26 0.24740395925452292959
27 0.25708055189215509735
28 0.26673143668883112873
29 0.27635564856411373331
30 0.28595222510483553268
31 0.29552020666133957510
32 0.30505863644344350156
33 0.31456656061611776666
34 0.32404302839486834670
35 0.33348709214081439678
36 0.34289780745545134918
37 0.35227423327508997684
38 0.36161543196496197803
39 0.37092046941298267184
40 0.38018841512316142823
41 0.38941834230865049166
42 0.39860932798442289359
43 0.40776045305957018597
44 0.41687080242921076621
45 0.42593946506599960276
46 0.43496553411123021042
47 0.44394810696551976524
48 0.45288628537906829070
49 0.46177917554148288913
50 0.47062588817115803618
51 0.47942553860420300027
52 0.48817724688290749450
53 0.49688013784373671433
54 0.50553334120484696181
55 0.51413599165311310467
56 0.52268722893065916778
57 0.53118619792088340385
58 0.53963204873396924099
59 0.54802393679187355618
60 0.55636102291278377572
61 0.56464247339503535720
62 0.57286746010048126119
63 0.58103516053730507584
64 0.58914475794226951311
65 0.59719544136239205188
66 0.60518640573603956037
67 0.61311685197343378861
68 0.62098598703655968035
69 0.62879302401846851370
70 0.63653718222196794023
71 0.64421768723769105367
72 0.65183377102153668121
73 0.65938467197147315361
74 0.66686963500369787373
75 0.67428791162814506748
76 0.68163876002333416673
77 0.68892144511055133914
78 0.69613523862735674701
79 0.70327941920041018436
80 0.71035327241760780981
81 0.71735609089952276162
82 0.72428717437014251092
83 0.73114582972689587938
84 0.73793137110996271872
85 0.74464311997085932125
86 0.75128040514029270271
87 0.75784256289527697229
88 0.76432893702550507814
89 0.77073887889896929120
90 0.77707174752682386549
91 0.78332690962748338846
92 0.78950373968995041187
93 0.79560162003636603026
94 0.80161994088377715208
95 0.80755810040511428687
96 0.81341550478937375068
97 0.81919156830099827163
98 0.82488571333845005747
99 0.83049737049197046808
100 0.83602597860052051678
101 0.84147098480789650665
102 0.84683184461801519012
103 0.85210802194936292361
104 0.85729898918860337214
105 0.86240422724333840328
106 0.86742322559401689438
107 0.87235548234498626228
108 0.87720050427468161030
109 0.88195780688494747373
110 0.88662691444948723160
111 0.89120736006143533995
112 0.89569868568004762924
113 0.90010044217650499711
114 0.90441218937882591603
115 0.90863349611588326459
116 0.91276394026052108094
117 0.91680310877176692661
118 0.92075059773613563957
119 0.92460601240802034610
120 0.92836896724916669260
121 0.93203908596722634967
122 0.93561600155338593341
123 0.93909935631906758093
124 0.94248880193169751002
125 0.94578399944953898628
126 0.94898461935558621434
127 0.95209034159051576385
128 0.95510085558469223509
129 0.95801586028922496370
130 0.96083506420607265890
131 0.96355818541719296470
132 0.96618495161273402916
133 0.96871510011826526273
134 0.97114837792104456233
135 0.97348454169531937478
136 0.97572335782665906926
137 0.97786460243531618567
138 0.97990806139861422288
139 0.98185353037235972787
140 0.98370081481127654484
141 0.98544972998846018065
142 0.98710010101385034142
143 0.98865176285171979273
144 0.99010456033717779485
145 0.99145834819168646252
146 0.99271299103758849766
147 0.99386836341164484228
148 0.99492434977758089785
149 0.99588084453764005648
150 0.99673775204314338855
151 0.99749498660405443094
152 0.99815247249754811924
153 0.99871014397558300717
154 0.99916794527147601592
155 0.99952583060547905600
156 0.99978376418935696389
157 0.99994172022996629574
158 0.99999968293183462021
159 0.99995764649874005255
160 0.99981561513429087198
161 0.99957360304150516434
162 0.99923163442139053213
163 0.99878974347052401391
164 0.99824797437763245511
165 0.99760638131917367213
166 0.99686502845391885177
167 0.99602398991653672750
168 0.99508334981018017442
169 0.99404320219807596406
170 0.99290365109411852003
171 0.99166481045246861534
172 0.99032680415615805121
173 0.98888976600470145717
174 0.98735383970071645108
175 0.98571917883555349712
176 0.98398594687393689873
177 0.98215431713761846242
178 0.98022447278804546701
179 0.97819660680804467154
180 0.97607092198252419340
181 0.97384763087819518653
182 0.97152695582231534740
183 0.96910912888045637458
184 0.96659439183329760489
185 0.96398299615244814699
186 0.96127520297529993001
187 0.95847128307891418197
188 0.95557151685294394934
189 0.95257619427159536533
190 0.94948561486463047096
191 0.94630008768741448848
192 0.94301993129001054236
193 0.93964547368532491842
194 0.93617705231630604661
195 0.93261501402220048730
196 0.92895971500386929571
197 0.92521152078816823258
198 0.92137080619139538326
199 0.91743795528180984020
200 0.91341336134122519712
201 0.90929742682568169539
202 0.90509056332520095536
203 0.90079319152262731719
204 0.89640574115155990703
205 0.89192865095337963517
206 0.88736236863337542355
207 0.88270735081597405004
208 0.87796406299907808617
209 0.87313297950751649487
210 0.86821458344561254282
211 0.86320936664887377068
212 0.85811782963480885223
213 0.85294048155287626061
214 0.84767784013356974671
215 0.84233043163664572130
216 0.83689879079849771787
217 0.83138346077868319896
218 0.82578499310560805298
219 0.82010394762137421327
220 0.81434089242579591443
221 0.80849640381959018430
222 0.80257106624674725251
223 0.79656547223608663852
224 0.79048022234200476337
225 0.78431592508442001060
226 0.77807319688792124141
227 0.77175266202012584952
228 0.76535495252925351965
229 0.75888070818092193221
230 0.75233057639417073474
231 0.74570521217672017738
232 0.73900527805947088675
233 0.73223144403025132797
234 0.72538438746681958010
235 0.71846479306912612487
236 0.71147335279084442220
237 0.70441076577017611943
238 0.69727773825993781382
239 0.69007498355693635945
240 0.68280322193063978086
241 0.67546318055115092656
242 0.66805559341649106468
243 0.66058120127920069250
244 0.65304075157226489971
245 0.64543499833437069274
246 0.63776470213450375443
247 0.63003062999589217930
248 0.62223355531930478987
249 0.61437425780571170430
250 0.60645352337831488914
251 0.59847214410395649405
252 0.59043091811391282764
253 0.58233064952408189496
254 0.57417214835457247778
255 0.56595623044870279873
256 0.55768371739141686934
257 0.54935543642712668031
258 0.54097222037698844964
259 0.53253490755562120108
260 0.52404434168727600077
261 0.51550137182146423525
262 0.50690685224805336789
263 0.49826164241183866398
264 0.48956660682659942750
265 0.48082261498864834353
266 0.47203054128988257159
267 0.46319126493034528461
268 0.45430566983030639724
269 0.44537464454187127547
270 0.43639908216012626653
271 0.42737988023382993455
272 0.41831794067565893261
273 0.40921416967201748668
274 0.40006947759241951035
275 0.39088477889845241210
276 0.38166099205233169857
277 0.37239903942505551841
278 0.36309984720416833112
279 0.35376434530114292438
280 0.34439346725839004176
281 0.33498815015590491954
282 0.32554933451756006810
283 0.31607796421705366845
284 0.30657498638352298896
285 0.29704135130683226089
286 0.28747801234254448390
287 0.27788592581658666420
288 0.26826605092961801878
289 0.25861934966111070881
290 0.24894678667315269411
291 0.23924932921398232818
292 0.22952794702126434045
293 0.21978361222511687789
294 0.21001729925089930332
295 0.20022998472177047149
296 0.19042264736102722702
297 0.18059626789423289034
298 0.17075182895114551862
299 0.16089031496745574884
300 0.15101271208634404904
301 0.14112000805986722210
302 0.13121319215018402315
303 0.12129325503062976810
304 0.11136118868664982569
305 0.10141798631660189952
306 0.09146464223243702005
307 0.08150215176026917800
308 0.07153151114084354244
309 0.06155371742991321644
310 0.05156976839853449266
311 0.04158066243329057919
312 0.03158739843645377318
313 0.02159097572609606609
314 0.01159239393615816918
315 0.00159265291648695254
316 -0.00840724736714870645
317 -0.01840630693305366670
318 -0.02840352588360385957
319 -0.03839790450523521805
320 -0.04838844336841420010
321 -0.05837414342757990913
322 -0.06835400612104781754
323 -0.07832703347086510307
324 -0.08829222818260761240
325 -0.09824859374510847254
326 -0.10819513453010837703
327 -0.11813085589181758226
328 -0.12805476426637965749
329 -0.13796586727122704261
330 -0.14786317380431847785
331 -0.15774569414324838201
332 -0.16761244004421826827
333 -0.17746242484086030048
334 -0.18729466354290310775
335 -0.19710817293466999073
336 -0.20690197167339966997
337 -0.21667508038737974424
338 -0.22642652177388304566
339 -0.23615532069689709795
340 -0.24586050428463690513
341 -0.25554110202683131924
342 -0.26519614587177325875
343 -0.27482467032312407250
344 -0.28442571253646236904
345 -0.29399831241556765639
346 -0.30354151270842916399
347 -0.31305435910297024610
348 -0.32253590032247879418
349 -0.33198518822073411538
350 -0.34140127787682076450
351 -0.35078322768961984812
352 -0.36013009947196835175
353 -0.36944095854447707443
354 -0.37871487382899778862
355 -0.38795091794173027924
356 -0.39714816728595995082
357 -0.40630570214441672928
358 -0.41542260677124602256
359 -0.42449796948358254294
360 -0.43353088275271783380
361 -0.44252044329485238426
362 -0.45146575216142325634
363 -0.46036591482899819216
364 -0.46922004128872721172
365 -0.47802724613534275625
366 -0.48678664865569947710
367 -0.49549737291684481637
368 -0.50415854785361157220
369 -0.51276930735572368965
370 -0.52132879035440656651
371 -0.52983614090849321321
372 -0.53829050829001765624
373 -0.54669104706928702583
374 -0.55503691719942382070
375 -0.56332728410036989575
376 -0.57156131874234377243
377 -0.57973819772874292602
378 -0.58785710337848275971
379 -0.59591722380776403167
380 -0.60391775301126055841
381 -0.61185789094271907573
382 -0.61973684359496319732
383 -0.62755382307929347077
384 -0.63530804770427559090
385 -0.64299874205390889182
386 -0.65062513706516730078
387 -0.65818647010490499995
388 -0.66568198504611910542
389 -0.67311093234356173740
390 -0.68047256910869392041
391 -0.68776615918397381809
392 -0.69499097321647187391
393 -0.70214628873080549637
394 -0.70923139020138599514
395 -0.71624556912397054374
396 -0.72318812408651201332
397 -0.73005836083929959292
398 -0.73685559236438318199
399 -0.74357913894427461289
400 -0.75022832822991883329
401 -0.75680249530792825137
402 -0.76330098276707352049
403 -0.76972314076402411428
404 -0.77606832708833211818
405 -0.78233590722665273904
406 -0.78852525442619511083
407 -0.79463574975739705145
408 -0.80066678217581750318
409 -0.80661774858324046757
410 -0.81248805388798432447
411 -0.81827711106441050426
412 -0.82398434121162556257
413 -0.82960917361137078716
414 -0.83515104578509354821
415 -0.84060940355019468487
416 -0.84598370107544630333
417 -0.85127340093557444478
418 -0.85647797416500116491
419 -0.86159690031074065096
420 -0.86662966748444408656
421 -0.87157577241358806001
422 -0.87643472049180139730
423 -0.88120602582832538699
424 -0.88588921129660245121
425 -0.89048380858198840379
426 -0.89498935822858352446
427 -0.89940540968517776589
428 -0.90373152135030549927
429 -0.90796726061640529287
430 -0.91211220391308030765
431 -0.91616593674945498403
432 -0.92012805375562378396
433 -0.92399815872318784374
434 -0.92777586464487548368
435 -0.93146079375324261279
436 -0.93505257755844915838
437 -0.93855085688510774299
438 -0.94195528190820092382
439 -0.94526551218806340294
440 -0.94848121670442571014
441 -0.95160207388951595403
442 -0.95462777166021633123
443 -0.95755800744927117811
444 -0.96039248823554344419
445 -0.96313093057331656172
446 -0.96577306062063878103
447 -0.96831861416670713762
448 -0.97076733665828831221
449 -0.97311898322517374193
450 -0.97537331870466643720
451 -0.97753011766509705538
452 -0.97958916442836687989
453 -0.98155025309151545032
454 -0.98341318754731068693
455 -0.98517778150385945040
456 -0.98684385850323657590
457 -0.98841125193913051861
458 -0.98987980507350384596
459 -0.99124937105226691083
460 -0.99251981291996313809
461 -0.99369100363346445613
462 -0.99476282607467550385
463 -0.99573517306224534252
464 -0.99660794736228550161
465 -0.99738106169809328661
466 -0.99805443875887937652
467 -0.99862801120749883843
468 -0.99910172168718478584
469 -0.99947552282728400756
470 -0.99974937724799399358
471 -0.99992325756410088417
472 -0.99999714638771796842
473 -0.99997103633002445843
474 -0.99984493000200436524
475 -0.99961884001418540260
476 -0.99929278897537794473
477 -0.99886680949041416406
478 -0.99834094415688757527
479 -0.99771524556089331134
480 -0.99698977627176955796
481 -0.99616460883584067178
482 -0.99523982576916260843
483 -0.99421551954927138575
484 -0.99309179260593540719
485 -0.99186875731091257034
486 -0.99054653596671318480
487 -0.98912526079436982308
488 -0.98760507392021532746
489 -0.98598612736167029524
490 -0.98426858301204146328
491 -0.98245261262433251227
492 -0.98053839779406890950
493 -0.97852612994113850763
494 -0.97641601029064971540
495 -0.97420824985280915450
496 -0.97190306940182081478
497 -0.96950069945380881775
498 -0.96700138024376599633
499 -0.96440536170153059574
500 -0.96171290342679349794
501 -0.95892427466313846889
502 -0.95603975427111802454
503 -0.95305963070036760795
504 -0.94998420196076086614
505 -0.94681377559260891103
506 -0.94354866863590654466
507 -0.94018920759862852387
508 -0.93673572842407903492
509 -0.93318857645729764305
510 -0.92954810641052507628
511 -0.92581468232773229694
512 -0.92198867754821640794
513 -0.91807047466926703418
514 -0.91406046550790691241
515 -0.90995905106171051550
516 -0.90576664146870462909
517 -0.90148365596635489075
518 -0.89711052284964239279
519 -0.89264767942823454099
520 -0.88809557198275445236
521 -0.88345465572015326467
522 -0.87872539472818982072
523 -0.87390826192902227916
524 -0.86900373903191629279
525 -0.86401231648507448343
526 -0.85893449342659203033
527 -0.85377077763454327662
528 -0.84852168547620434503
529 -0.84318774185641684057
530 -0.83776948016509780378
531 -0.83226744222390116356
532 -0.82668217823203602322
533 -0.82101424671124719814
534 -0.81526421444996350667
535 -0.80943265644661939961
536 -0.80352015585215559590
537 -0.79752730391170447450
538 -0.79145469990546605390
539 -0.78530295108878047147
540 -0.77907267263140295551
541 -0.77276448755598736235
542 -0.76637902667578443020
543 -0.75991692853156097967
544 -0.75337883932774636927
545 -0.74676541286781259096
546 -0.74007731048889446777
547 -0.73331520099565649144
548 -0.72647976059341291331
549 -0.71957167282050777639
550 -0.71259162847996165057
551 -0.70554032557039190623
552 -0.69841846921621343417
553 -0.69122677159712679174
554 -0.68396595187690082623
555 -0.67663673613145689729
556 -0.66923985727626188990
557 -0.66177605499303727838
558 -0.65424607565579157070
559 -0.64665067225618352957
560 -0.63899060432822363404
561 -0.63126663787232131146
562 -0.62347954527868553479
563 -0.61563010525008644541
564 -0.60771910272398572502
565 -0.59974732879404350355
566 -0.59171558063100965243
567 -0.58362466140300737389
568 -0.57547538019521705793
569 -0.56726855192896843856
570 -0.55900499728024913988
571 -0.55068554259763776122
572 -0.54231101981966970794
573 -0.53388226639164403113
574 -0.52540012518187959557
575 -0.51686544439742895025
576 -0.50827907749925832998
577 -0.49964188311690226990
578 -0.49095472496260136763
579 -0.48221847174493177894
580 -0.47343399708193508402
581 -0.46460217941375721141
582 -0.45572390191480515537
583 -0.44680005240543027117
584 -0.43783152326314697984
585 -0.42881921133339576034
586 -0.41976401783985935287
587 -0.41066684829434114166
588 -0.40152861240621472918
589 -0.39235022399145375687
590 -0.38313260088125106932
591 -0.37387666483023635981
592 -0.36458334142430147548
593 -0.35525355998804259945
594 -0.34588825349182856568
595 -0.33648835845850459949
596 -0.32705481486974081354
597 -0.31758856607203482408
598 -0.30809055868237788735
599 -0.29856174249359398925
600 -0.28900307037936135450
601 -0.27941549819892587281
602 -0.26979998470151597087
603 -0.26015749143046848849
604 -0.25048898262707514612
605 -0.24079542513415921929
606 -0.23107778829939206194
607 -0.22133704387835914709
608 -0.21157416593738531806
609 -0.20179013075612896774
610 -0.19198591672995488630
611 -0.18216250427209554002
612 -0.17232087571561056507
613 -0.16246201521515428016
614 -0.15258690864856104122
615 -0.14269654351825827952
616 -0.13279190885251708189
617 -0.12287399510655018773
618 -0.11294379406346729315
619 -0.10300229873509756650
620 -0.09305050326268929292
621 -0.08308940281749657800
622 -0.07311999350126305162
623 -0.06314327224661252375
624 -0.05316023671735655276
625 -0.04317188520872889572
626 -0.03317921654755681687
627 -0.02318322999237923730
628 -0.01318492513352171374
629 -0.00318530179313823899
630 0.00681464007477014026
631 0.01681390048434989031
632 0.02681147951789274239
633 0.03680637742582663033
634 0.04679759472668981455
635 0.05678413230707819540
636 0.06676499152155582096
637 0.07673917429251859841
638 0.08670568321000122275
639 0.09666352163141734212
640 0.10661169378122298594
641 0.11654920485049328948
642 0.12647506109640255731
643 0.13638826994159771781
644 0.14628784007345523131
645 0.15617278154321152632
646 0.16604210586495705098
647 0.17589482611448404027
648 0.18572995702797811432
649 0.19554651510054383883
650 0.20534351868455439503
651 0.21511998808781552429
652 0.22487494567153393119
653 0.23460741594808034810
654 0.24431642567853748524
655 0.25400100397002311138
656 0.26366018237277853296
657 0.27329299497701276295
658 0.28289847850949269499
659 0.29247567242986962403
660 0.30202361902673248069
661 0.31154136351337817435
662 0.32102795412328946772
663 0.33048244220531083551
664 0.33990388231851278938
665 0.34929133232673518306
666 0.35864385349280004325
667 0.36796051057238450511
668 0.37724037190754446521
669 0.38648250951987959958
670 0.39568599920333043035
671 0.40484992061659816163
672 0.41397335737517804235
673 0.42305539714299705316
674 0.43209513172364675340
675 0.44109165715120216514
676 0.45004407378061761237
677 0.45895148637769047587
678 0.46781300420858386743
679 0.47662774112889927131
680 0.48539481567229024557
681 0.49411335113860832222
682 0.50278247568157229145
683 0.51140132239595210323
684 0.51996902940425866791
685 0.52848473994293088687
686 0.53694760244801129469
687 0.54535677064030174523
688 0.55371140360999062625
689 0.56201066590074313980
690 0.57025372759324623948
691 0.57843976438819987017
692 0.58656795768874621108
693 0.59463749468232867943
694 0.60264756842197250871
695 0.61059737790697877374
696 0.61848612816302379304
697 0.62631303032165589876
698 0.63407730169918162440
699 0.64177816587493342197
700 0.64941485276891108171
701 0.65698659871878909039
702 0.66449264655628222747
703 0.67193224568286176265
704 0.67930465214481468324
705 0.68660912870763844553
706 0.69384494492976381066
707 0.70101137723559839284
708 0.70810770898788361562
709 0.71513323055935784057
710 0.72208723940371850206
711 0.72896904012587615207
712 0.73577794455149338966
713 0.74251327179580172122
714 0.74917434833168946990
715 0.75576050805705392554
716 0.76227109236141099983
717 0.76870545019175572592
718 0.77506293811766701630
719 0.78134292039565016879
720 0.78754476903271068621
721 0.79366786384915305246
722 0.79971159254059818532
723 0.80567535073921336406
724 0.81155854207414850910
725 0.81736057823117277002
726 0.82308087901150545842
727 0.82871887238983544245
728 0.83427399457152320126
729 0.83974569004897981914
730 0.84513341165721728146
731 0.85043662062856451751
732 0.85565478664654371865
733 0.86078738789890154413
734 0.86583391112978991165
735 0.87079385169109115435
736 0.87566671359288241215
737 0.88045200955303421063
738 0.88514926104593826795
739 0.88975799835035965691
740 0.89427776059640853698
741 0.89870809581162675926
742 0.90304856096618473564
743 0.90729872201718405255
744 0.91145815395206139913
745 0.91552644083108946938
746 0.91950317582897058825
747 0.92338796127551890241
748 0.92718040869542706745
749 0.93088013884711345486
750 0.93448678176064599420
751 0.93799997677473885794
752 0.94141937257281828956
753 0.94474462721815396812
754 0.94797540818805239634
755 0.95111139240710889288
756 0.95415226627951486356
757 0.95709772572041712091
758 0.95994747618632611605
759 0.96270123270457004222
760 0.96535871990179186446
761 0.96791967203148642590
762 0.97038383300057487672
763 0.97275095639501376872
764 0.97502080550443625425
765 0.97719315334582292570
766 0.97926778268619992821
767 0.98124448606436207613
768 0.98312306581161880055
769 0.98490333407156085370
770 0.98658511281884579333
771 0.98816823387700036855
772 0.98965253893523802705
773 0.99103787956428986184
774 0.99232411723124741440
775 0.99351112331341585013
776 0.99459877911117612061
777 0.99558697585985482665
778 0.99647561474060059490
779 0.99726460689026588072
780 0.99795387341029320886
781 0.99854334537460496343
782 0.99903296383649593826
783 0.99942267983452795827
784 0.99971245439742598251
785 0.99990225854797519918
786 0.99999207330591872295
787 0.99998188968985560485
788 0.99987170871813896487
789 0.99966154140877415751
790 0.99935140877831698042
791 0.99894134183977203630
792 0.99843138159949145835
793 0.99782157905307430916
794 0.99711199518026706337
795 0.99630270093886568378
796 0.99539377725761990089
797 0.99438531502814040542
798 0.99327741509580976292
799 0.99207018824969795959
800 0.99076375521148358760
801 0.98935824662338177780
802 0.98785380303508008714
803 0.98625057488968364696
804 0.98454872250867097791
805 0.98274841607586197567
806 0.98084983562039967078
807 0.97885317099874746436
808 0.97675862187570363999
809 0.97456639770443505027
810 0.97227671770553197468
811 0.96988981084508624322
812 0.96740591581179481803
813 0.96482528099309112264
814 0.96214816445030650557
815 0.95937483389286432226
816 0.95650556665150921583
817 0.95354064965057427374
818 0.95048037937928883355
819 0.94732506186212980706
820 0.94407501262821948770
821 0.94073055667977290115
822 0.93729202845959785474
823 0.93375977181765093534
824 0.93013413997665280026
825 0.92641549549676619952
826 0.92260421023934026169
827 0.91870066532972466892
828 0.91470525111915743951
829 0.91061836714573012945
830 0.90644042209443435618
831 0.90217183375629364000
832 0.89781302898658464988
833 0.89336444366215203154
834 0.88882652263782108615
835 0.88419971970191265855
836 0.87948449753086468334
837 0.87468132764296492659
838 0.86979069035119955006
839 0.86481307471522221278
840 0.85974897849244851328
841 0.85459890808828066283
842 0.84936337850546736717
843 0.84404291329260398085
844 0.83863804449177808399
845 0.83314931258536571684
846 0.82757726644198359265
847 0.82192246326160269332
848 0.81618546851982873665
849 0.81036685591135508703
850 0.80446720729259376414
851 0.79848711262349028666
852 0.79242716990852816933
853 0.78628798513692897291
854 0.78007017222205388709
855 0.77377435294001290587
856 0.76740115686748773477
857 0.76095122131877464729
858 0.75442519128205358637
859 0.74782371935488988386
860 0.74114746567897504787
861 0.73439709787411314371
862 0.72757329097145936981
863 0.72067672734601750475
864 0.71370809664840297551
865 0.70666809573587837066
866 0.69955742860266829480
867 0.69237680630956053273
868 0.68512694691280056326
869 0.67780857539228653304
870 0.67042242357907187086
871 0.66296923008218279220
872 0.65544974021475801208
873 0.64786470591951805231
874 0.64021488569357159605
875 0.63250104451256640901
876 0.62472395375419241213
877 0.61688439112104455548
878 0.60898314056285320673
879 0.60102099219808983152
880 0.59299874223495580466
881 0.58491719289176225353
882 0.57677715231670889548
883 0.56857943450706989132
884 0.56032485922779479621
885 0.55201425192953274785
886 0.54364844366608808945
887 0.53522827101131568184
888 0.52675457597546421509
889 0.51822820592097588536
890 0.50965001347775085679
891 0.50102085645788498201
892 0.49234159776988930739
893 0.48361310533239994103
894 0.47483625198738691243
895 0.46601191541287070280
896 0.45714097803515517446
897 0.44822432694058567581
898 0.43926285378684114598
899 0.43025745471376909001
900 0.42120903025377234090
901 0.41211848524175656975
902 0.40298672872464754921
903 0.39381467387048721844
904 0.38460323787711763991
905 0.37535334188046197951
906 0.36606591086241168184
907 0.35674187355832905186
908 0.34738216236417449267
909 0.33798771324326768638
910 0.32855946563269204217
911 0.31909836234935177079
912 0.30960534949569097980
913 0.30008137636508421762
914 0.29052739534690792710
915 0.28094436183130230155
916 0.27133323411363306690
917 0.26169497329866274367
918 0.25203054320444097165
919 0.24234091026592350812
920 0.23262704343832953762
921 0.22288991410024695752
922 0.21313049595649532867
923 0.20334976494075620489
924 0.19354869911798057808
925 0.18372827858658319818
926 0.17388948538043354842
927 0.16403330337065327677
928 0.15416071816722990361
929 0.14427271702045664438
930 0.13437028872220820292
931 0.12445442350706240798
932 0.11452611295327758069
933 0.10458634988363553498
934 0.09463612826616012676
935 0.08467644311472127987
936 0.07470829038953442824
937 0.06473266689756532431
938 0.05475057019285017310
939 0.04476299847674105996
940 0.03477095049808664710
941 0.02477542545335812107
942 0.01477742288673037829
943 0.00477794259012844049
944 -0.00522201549675090458
945 -0.01522145138643223966
946 -0.02521936514365943204
947 -0.03521475698538832606
948 -0.04520662738076421424
949 -0.05519397715107408991
950 -0.06517580756966368581
951 -0.07515112046180930728
952 -0.08511891830453447278
953 -0.09507820432636138031
954 -0.10502798260698722454
955 -0.11496725817687539714
956 -0.12489503711675161133
957 -0.13481032665699500103
958 -0.14471213527691425563
959 -0.15459947280389886290
960 -0.16447135051243554484
961 -0.17432678122297998512
962 -0.18416477940067396085
963 -0.19398436125389800711
964 -0.20378454483264975911
965 -0.21356435012673813409
966 -0.22332279916378353380
967 -0.23305891610701426745
968 -0.24277172735284941572
969 -0.25246026162825837747
970 -0.26212355008788736346
971 -0.27176062641094312433
972 -0.28137052689782422468
973 -0.29095229056649020011
974 -0.30050495924855896045
975 -0.31002757768512282954
976 -0.31951919362227363990
977 -0.32897885790632733002
978 -0.33840562457873852184
979 -0.34779855097069558695
980 -0.35715669779738674219
981 -0.36647912925192774816
982 -0.37576491309894181774
983 -0.38501312076778237693
984 -0.39422282744538935571
985 -0.40339311216876972336
986 -0.41252305791709302031
987 -0.42161175170339267700
988 -0.43065828466586394969
989 -0.43966175215874934361
990 -0.44862125384280243478
991 -0.45753589377532104441
992 -0.46640478049974076248
993 -0.47522702713477986132
994 -0.48400175146312668472
995 -0.49272807601966064389
996 -0.50140512817919799833
997 -0.51003204024375364699
998 -0.51860794952931020373
999 -0.52713199845208568016
1000 -0.53560333461429114914
1001 -0.54402111088936981340
1002 -0.55238448550670895525
1003 -0.56069262213581629640
1004 -0.56894468996995235022
1005 -0.57713986380921040338
1006 -0.58527732414303581885
1007 -0.59335625723217640842
1008 -0.60137585519005567983
1009 -0.60933531606356082118
1010 -0.61723384391323734391
1011 -0.62507064889288236496
1012 -0.63284494732852856888
1013 -0.64055596179681095149
1014 -0.64820292120270850851
1015 -0.65578506085665309512
1016 -0.66330162255099774552
1017 -0.67075185463583680577
1018 -0.67813501209417029800
1019 -0.68545035661640499957
1020 -0.69269715667418478714
1021 -0.69987468759354286263
1022 -0.70698223162736854607
1023 -0.71401907802718138851
1024 -0.72098452311420542778
1025 -0.72787787034973647971
1026 -0.73469843040479542807
1027 -0.74144552122906054806
1028 -0.74811846811907197013
1029 -0.75471660378570146366
1030 -0.76123926842088079376
1031 -0.76768580976358197826
1032 -0.77405558316504284690
1033 -0.78034795165323138041
1034 -0.78656228599654238287
1035 -0.79269796476672011786
1036 -0.79875437440100061621
1037 -0.80473090926346744107
1038 -0.81062697170561477489
1039 -0.81644197212611177190
1040 -0.82217532902976219996
1041 -0.82782646908565347551
1042 -0.83339482718448927709
1043 -0.83887984649510000409
1044 -0.84428097852012542962
1045 -0.84959768315086397948
1046 -0.85482942872128315225
1047 -0.85997569206118567945
1048 -0.86503595854852610932
1049 -0.87000972216087258249
1050 -0.87489648552600865351
1051 -0.87969575997167009801
1052 -0.88440706557441173189
1053 -0.88902993120759935588
1054 -0.89356389458852202642
1055 -0.89800850232461994147
1056 -0.90236330995882331866
1057 -0.90662788201399773193
1058 -0.91080179203649146203
1059 -0.91488462263878050635
1060 -0.91887596554120698347
1061 -0.92277542161280675875
1062 -0.92658260091122220810
1063 -0.93029712272169612883
1064 -0.93391861559514289805
1065 -0.93744671738529307177
1066 -0.94088107528490770998
1067 -0.94422134586105880661
1068 -0.94746719508947229608
1069 -0.95061829838793020238
1070 -0.95367434064872859037
1071 -0.95663501627018807363
1072 -0.95950002918721372766
1073 -0.96226909290090135269
1074 -0.96494193050718712538
1075 -0.96751827472453777438
1076 -0.96999786792067851101
1077 -0.97238046213835604194
1078 -0.97466581912013408800
1079 -0.97685371033221892919
1080 -0.97894391698731259362
1081 -0.98093623006649140499
1082 -0.98283045034010770079
1083 -0.98462638838771263103
1084 -0.98632386461699804526
1085 -0.98792270928175557374
1086 -0.98942276249885110685
1087 -0.99082387426421297520
1088 -0.99212590446783223186
1089 -0.99332872290777353645
1090 -0.99443220930319524021
1091 -0.99543625330637736988
1092 -0.99634075451375630781
1093 -0.99714562247596506460
1094 -0.99785077670687814043
1095 -0.99845614669166007057
1096 -0.99896167189381685013
1097 -0.99936730176124953302
1098 -0.99967299573130939975
1099 -0.99987872323485418845
1100 -0.99998446369930498365
1101 -0.99999020655070345705
1102 -0.99989595121476925448
1103 -0.99970170711695742351
1104 -0.99940749368151587578
1105 -0.99901334032954297841
1106 -0.99851928647604546865
1107 -0.99792538152599698608
1108 -0.99723168486939761641
1109 -0.99643826587533494095
1110 -0.99554520388504718568
1111 -0.99455258820398916353
1112 -0.99346051809290180333
1113 -0.99226910275788615841
1114 -0.99097846133948288755
1115 -0.98958872290075830013
1116 -0.98810002641439815712
1117 -0.98651252074881051825
1118 -0.98482636465323902531
1119 -0.98304172674188811006
1120 -0.98115878547706171428
1121 -0.97917772915131720812
1122 -0.97709875586863629127
1123 -0.97492207352461475986
1124 -0.97264789978567312013
1125 -0.97027646206729012778
1126 -0.96780799751126142960
1127 -0.96524275296198558151
1128 -0.96258098494177981445
1129 -0.95982295962522801636
1130 -0.95696895281256349565
1131 -0.95401924990208918769
1132 -0.95097414586163806235
1133 -0.94783394519907658650
1134 -0.94459896193185419112
1135 -0.94126951955560178805
1136 -0.93784595101178247647
1137 -0.93432859865439767402
1138 -0.93071781421575200200
1139 -0.92701395877128034797
1140 -0.92321740270344062319
1141 -0.91932852566467582543
1142 -0.91534771653944911113
1143 -0.91127537340535567307
1144 -0.90711190349331531264
1145 -0.90285772314684968716
1146 -0.89851325778044830474
1147 -0.89407894183702742978
1148 -0.88955521874448615338
1149 -0.88494254087136397301
1150 -0.88024136948160431547
1151 -0.87545217468842852695
1152 -0.87057543540732494268
1153 -0.86561163930815773716
1154 -0.86056128276640034415
1155 -0.85542487081349832297
1156 -0.85020291708636663479
1157 -0.84489594377602637918
1158 -0.83950448157538612715
1159 -0.83402906962617307254
1160 -0.82847025546501930856
1161 -0.82282859496870862091
1162 -0.81710465229858927256
1163 -0.81129899984415833915
1164 -0.80541221816582323616
1165 -0.79944489593684616207
1166 -0.79339762988447726264
1167 -0.78727102473028240317
1168 -0.78106569312967151587
1169 -0.77478225561063356941
1170 -0.76842134051168428710
1171 -0.76198358391903281896
1172 -0.75546962960297365084
1173 -0.74888012895351011151
1174 -0.74221574091521591508
1175 -0.73547713192134125277
1176 -0.72866497582717002329
1177 -0.72177995384263486593
1178 -0.71482275446419673501
1179 -0.70779407340599582752
1180 -0.70069461353028074886
1181 -0.69352508477712287370
1182 -0.68628620409342293045
1183 -0.67897869536121690863
1184 -0.67160328932528845854
1185 -0.66416072352009502182
1186 -0.65665174219601500030
1187 -0.64907709624492333842
1188 -0.64143754312510296142
1189 -0.63373384678549957829
1190 -0.62596677758932742383
1191 -0.61813711223703357915
1192 -0.61024563368862857427
1193 -0.60229313108539103948
1194 -0.59428039967095423513
1195 -0.58620824071178235097
1196 -0.57807746141704452748
1197 -0.56988887485789461161
1198 -0.56164329988616471898
1199 -0.55334156105248073300
1200 -0.54498448852380792943
1201 -0.53657291800043497166
1202 -0.52810769063240457825
1203 -0.51958965293539921961
1204 -0.51101965670609025520
1205 -0.50239855893695897618
1206 -0.49372722173059807150
1207 -0.48500651221350208699
1208 -0.47623730244935549855
1209 -0.46742046935182707039
1210 -0.45855689459687921892
1211 -0.44964746453460115126
1212 -0.44069307010057459492
1213 -0.43169460672678098205
1214 -0.42265297425205899754
1215 -0.41356907683212144498
1216 -0.40444382284914042882
1217 -0.39527812482090989422
1218 -0.38607289930959460798
1219 -0.37682906683007470595
1220 -0.36754755175789497206
1221 -0.35822928223682805418
1222 -0.34887519008606086028
1223 -0.33948621070701341626
1224 -0.33006328298979950348
1225 -0.32060734921933842973
1226 -0.31111935498112732258
1227 -0.30160024906668336763
1228 -0.29205098337866544745
1229 -0.28247251283568466896
1230 -0.27286579527681329806
1231 -0.26323179136580165060
1232 -0.25357146449501251791
1233 -0.24388578068908273335
1234 -0.23417570850832151364
1235 -0.22444221895185523504
1236 -0.21468628536052832993
1237 -0.20490888331957001344
1238 -0.19511099056103657352
1239 -0.18529358686603898010
1240 -0.17545765396676559048
1241 -0.16560417544830974855
1242 -0.15573413665031209517
1243 -0.14584852456842742520
1244 -0.13594832775562594449
1245 -0.12603453622333879669
1246 -0.11610814134245774510
1247 -0.10617013574419890966
1248 -0.09622151322084047253
1249 -0.08626326862634427843
1250 -0.07629639777687126747
1251 -0.06632189735120068892
1252 -0.05634076479106305388
1253 -0.04635399820139679335
1254 -0.03636259625053859622
1255 -0.02636755807035740776
1256 -0.01636988315634207538
1257 -0.00637057126765263261
1258 0.00362937767285478371
1259 0.01362896367861938588
1260 0.02362718679937355798
1261 0.03362304722113704943
1262 0.04361554536619753980
1263 0.05360368199306757706
1264 0.06358645829640789366
1265 0.07356287600690710809
1266 0.08353193749110782414
1267 0.09349264585116914529
1268 0.10344400502455562802
1269 0.11338501988364270538
1270 0.12331469633522862007
1271 0.13323204141994291630
1272 0.14313606341154154934
1273 0.15302577191607868347
1274 0.16290017797094526126
1275 0.17275829414376444033
1276 0.18259913463113400819
1277 0.19242171535720590096
1278 0.20222505407209296810
1279 0.21200817045009314259
1280 0.22177008618772119424
1281 0.23150982510153826290
1282 0.24122641322576938891
1283 0.25091887890969927892
1284 0.26058625291483656777
1285 0.27022756851183685987
1286 0.27984186157717485809
1287 0.28942817068955591279
1288 0.29898553722605735018
1289 0.30851300545798996568
1290 0.31800962264647009642
1291 0.32747443913769271565
1292 0.33690650845789602192
1293 0.34630488740800802645
1294 0.35566863615796567439
1295 0.36499681834069706793
1296 0.37428850114575739317
1297 0.38354275541260918728
1298 0.39275865572353761791
1299 0.40193528049619148355
1300 0.41107171207574068064
1301 0.42016703682664092186
1302 0.42922034522399652922
1303 0.43823073194451216567
1304 0.44719729595702441022
1305 0.45611914061260412341
1306 0.46499537373422059303
1307 0.47382510770595849373
1308 0.48260745956177873881
1309 0.49134155107381434842
1310 0.50002650884019250432
1311 0.50866146437237400938
1312 0.51724555418200141773
1313 0.52577791986724715097
1314 0.53425770819865296556
1315 0.54268407120445218763
1316 0.55105616625536618304
1317 0.55937315614886658300
1318 0.56763420919289483929
1319 0.57583849928903073699
1320 0.58398520601510154814
1321 0.59207351470722356530
1322 0.60010261654126781106
1323 0.60807170861374177686
1324 0.61597999402207910325
1325 0.62382668194432917236
1326 0.63161098771823864399
1327 0.63933213291971702705
1328 0.64698934544067843993
1329 0.65458185956625177563
1330 0.66210891605135155085
1331 0.66956976219660178177
1332 0.67696365192360529443
1333 0.68428984584955094271
1334 0.69154761136115127331
1335 0.69873622268790324394
1336 0.70585496097466466890
1337 0.71290311435353913416
1338 0.71987997801506219386
1339 0.72678485427868172935
1340 0.73361705266252542306
1341 0.74037588995244837029
1342 0.74706069027035392438
1343 0.75367078514178094314
1344 0.76020551356275067790
1345 0.76666422206586662054
1346 0.77304626478566069863
1347 0.77935100352317928396
1348 0.78557780780980255609
1349 0.79172605497029083900
1350 0.79779513018505160605
1351 0.80378442655162092701
1352 0.80969334514535320860
1353 0.81552129507931316002
1354 0.82126769356336399402
1355 0.82693196596244595496
1356 0.83251354585403934592
1357 0.83801187508480630861
1358 0.84342640382640569211
1359 0.84875659063047542871
1360 0.85400190248277691898
1361 0.85916181485649601140
1362 0.86423581176469524671
1363 0.86922338581191212164
1364 0.87412403824489821237
1365 0.87893727900249408370
1366 0.88366262676463499663
1367 0.88829960900048251376
1368 0.89284776201567718930
1369 0.89730663099870761868
1370 0.90167577006639121061
1371 0.90595474230846213383
1372 0.91014311983126197956
1373 0.91424048380052877077
1374 0.91824642448328003939
1375 0.92216054128878578306
1376 0.92598244280862720435
1377 0.92971174685583722641
1378 0.93334808050311887127
1379 0.93689108012013767871
1380 0.94034039140988443667
1381 0.94369566944410458697
1382 0.94695657869779076332
1383 0.95012279308273501241
1384 0.95319399598013734300
1385 0.95616988027226734209
1386 0.95905014837317569198
1387 0.96183451225845251726
1388 0.96452269349402958575
1389 0.96711442326402348329
1390 0.96960944239761697812
1391 0.97200750139497588655
1392 0.97430836045219884855
1393 0.97651178948529751796
1394 0.97861756815320476967
1395 0.98062548587980862265
1396 0.98253534187500967571
1397 0.98434694515479995011
1398 0.98606011456036113118
1399 0.98767467877618029922
1400 0.98919047634718133801
1401 0.99060735569487030787
1402 0.99192517513249316877
1403 0.99314380287920433762
1404 0.99426311707324466303
1405 0.99528300578412749971
1406 0.99620336702383166379
1407 0.99702410875700014999
1408 0.99774514891014359064
1409 0.99836641537984753617
1410 0.99888784603998273654
1411 0.99930938874791770231
1412 0.99963100134973292442
1413 0.99985265168443623094
1414 0.99997431758717885955
1415 0.99999598689147192389
1416 0.99991765743040305235
1417 0.99973933703685307749
1418 0.99946104354271275448
1419 0.99908280477709958686
1420 0.99860465856357493804
1421 0.99802665271636170663
1422 0.99734884503556294402
1423 0.99657130330138189224
1424 0.99569410526734402011
1425 0.99471733865252173549
1426 0.99364110113276255113
1427 0.99246550033092158136
1428 0.99119065380609934619
1429 0.98981668904188595930
1430 0.98834374343361287518
1431 0.98677196427461347059
1432 0.98510150874149383384
1433 0.98333254387841523527
1434 0.98146524658038985028
1435 0.97949980357559140549
1436 0.97743641140668251705
1437 0.97527527641116058809
1438 0.97301661470072423100
1439 0.97066065213966227758
1440 0.96820762432226753844
